380,	0.0000474305,	-0.0000255346,	0.0011621893
381,	0.0000478600,	-0.0000267975,	0.0012515814
382,	0.0000317225,	-0.0000249188,	0.0013766934
383,	0.0000332825,	-0.0000053432,	0.0015195026
384,	0.0000424250,	-0.0000094398,	0.0016804268
385,	0.0000350005,	-0.0000103948,	0.0018770710
386,	0.0000362890,	-0.0000141835,	0.0021452473
387,	0.0000711410,	-0.0000255183,	0.0024313756
388,	0.0000811425,	-0.0000321407,	0.0027710840
389,	0.0000662935,	-0.0000340507,	0.0031643724
390,	0.0000767245,	-0.0000419360,	0.0035934728
391,	0.0001290025,	-0.0000589382,	0.0040226653
392,	0.0000987170,	-0.0000368681,	0.0045050908
393,	0.0001265740,	-0.0000504208,	0.0050772554
394,	0.0001631440,	-0.0000668072,	0.0057209522
395,	0.0001918600,	-0.0000828857,	0.0064719010
396,	0.0002131515,	-0.0000999192,	0.0074194940
397,	0.0002190065,	-0.0000929726,	0.0084562241
398,	0.0002411570,	-0.0001125319,	0.0095826012
399,	0.0002814345,	-0.0001156572,	0.0108160676
400,	0.0002961605,	-0.0001361715,	0.0121390890
401,	0.0003265945,	-0.0001573016,	0.0132476061
402,	0.0003668720,	-0.0001604269,	0.0144810725
403,	0.0004073075,	-0.0001881794,	0.0159292980
404,	0.0004248820,	-0.0001929068,	0.0176633048
405,	0.0004848910,	-0.0002326412,	0.0197015550
406,	0.0005486075,	-0.0002591145,	0.0223295748
407,	0.0005974750,	-0.0002874978,	0.0253508830
408,	0.0006903370,	-0.0003313125,	0.0288192437
409,	0.0007359170,	-0.0003486526,	0.0327163578
410,	0.0008330740,	-0.0004050963,	0.0370786394
411,	0.0009073700,	-0.0004385149,	0.0417267023
412,	0.0010336725,	-0.0005123000,	0.0469293248
413,	0.0011636825,	-0.0005728240,	0.0527217170
414,	0.0012718485,	-0.0006374759,	0.0591934338
415,	0.0013675845,	-0.0006869880,	0.0663800323
416,	0.0015098920,	-0.0007595089,	0.0745500359
417,	0.0016896285,	-0.0008509420,	0.0835425204
418,	0.0018313835,	-0.0009446243,	0.0933394416
419,	0.0019947015,	-0.0010319758,	0.1039585888
420,	0.0021294520,	-0.0011023088,	0.1154177298
421,	0.0022656395,	-0.0011754905,	0.1287359896
422,	0.0024131170,	-0.0012590833,	0.1426621342
423,	0.0025121820,	-0.0013370400,	0.1569636150
424,	0.0026128070,	-0.0013954211,	0.1714079049
425,	0.0026552895,	-0.0014181794,	0.1857624558
426,	0.0026346335,	-0.0014147873,	0.1991693215
427,	0.0025952630,	-0.0014019391,	0.2121649468
428,	0.0024873190,	-0.0013455828,	0.2246417325
429,	0.0023680850,	-0.0012788154,	0.2365106336
430,	0.0021870010,	-0.0011896863,	0.2477000258
431,	0.0019260535,	-0.0010466380,	0.2577626938
432,	0.0016028265,	-0.0008799651,	0.2670564610
433,	0.0012338870,	-0.0006928092,	0.2755456072
434,	0.0008452160,	-0.0004690442,	0.2832299696
435,	0.0003607020,	-0.0002141085,	0.2901274790
436,	-0.0001444025,	0.0000799621,	0.2960414205
437,	-0.0007035030,	0.0003960865,	0.3011686010
438,	-0.0012996030,	0.0007298602,	0.3055626928
439,	-0.0019232885,	0.0011005509,	0.3092592528
440,	-0.0026171075,	0.0014951741,	0.3122941641
441,	-0.0033396425,	0.0019058758,	0.3145781265
442,	-0.0041318815,	0.0023392471,	0.3162898322
443,	-0.0049591305,	0.0028085804,	0.3175006504
444,	-0.0058220905,	0.0032917743,	0.3182465560
445,	-0.0067203320,	0.0037875659,	0.3186169413
446,	-0.0077277055,	0.0043321938,	0.3187365710
447,	-0.0087356665,	0.0049027118,	0.3185520495
448,	-0.0098033300,	0.0054892770,	0.3181349797
449,	-0.0109548455,	0.0061187032,	0.3175029665
450,	-0.0121313695,	0.0067774690,	0.3167097742
451,	-0.0133571650,	0.0074443967,	0.3161131339
452,	-0.0146739655,	0.0081765947,	0.3153728275
453,	-0.0159667745,	0.0089066061,	0.3144001568
454,	-0.0173110025,	0.0096510939,	0.3131770778
455,	-0.0187218145,	0.0104574025,	0.3116673604
456,	-0.0201596245,	0.0112747380,	0.3097642626
457,	-0.0216226010,	0.0121460403,	0.3074852265
458,	-0.0231208590,	0.0130299403,	0.3048306700
459,	-0.0245959845,	0.0139141795,	0.3017649651
460,	-0.0260967060,	0.0148536484,	0.2982339297
461,	-0.0275825785,	0.0157950273,	0.2943096060
462,	-0.0290197670,	0.0167541344,	0.2898845790
463,	-0.0304346820,	0.0177161065,	0.2848696194
464,	-0.0318507720,	0.0187298588,	0.2792463574
465,	-0.0332273205,	0.0197654359,	0.2729614678
466,	-0.0345346295,	0.0208266578,	0.2652283739
467,	-0.0357842700,	0.0219261385,	0.2569407418
468,	-0.0370017935,	0.0230464890,	0.2481881263
469,	-0.0381863410,	0.0241851835,	0.2391493117
470,	-0.0393273680,	0.0253823282,	0.2299132721
471,	-0.0404572630,	0.0265936890,	0.2210703579
472,	-0.0415846255,	0.0278700911,	0.2122089110
473,	-0.0426607270,	0.0291566440,	0.2033831132
474,	-0.0437097170,	0.0304801615,	0.1946105697
475,	-0.0447063155,	0.0318346683,	0.1859270924
476,	-0.0456836565,	0.0332264476,	0.1774041215
477,	-0.0466251730,	0.0346523578,	0.1690059369
478,	-0.0475557155,	0.0361171113,	0.1607861185
479,	-0.0484835675,	0.0376222789,	0.1527625265
480,	-0.0493928630,	0.0391426176,	0.1449354158
481,	-0.0502424560,	0.0406469091,	0.1373408535
482,	-0.0511142090,	0.0421963271,	0.1299960975
483,	-0.0519409950,	0.0437757794,	0.1229370519
484,	-0.0528140905,	0.0454271720,	0.1161454177
485,	-0.0536328050,	0.0471278666,	0.1096750511
486,	-0.0545045525,	0.0489216479,	0.1036327650
487,	-0.0553720495,	0.0507754189,	0.0979295144
488,	-0.0562263115,	0.0527097102,	0.0925114643
489,	-0.0571593160,	0.0547443264,	0.0873962906
490,	-0.0581450820,	0.0568953936,	0.0825838304
491,	-0.0592088895,	0.0591688871,	0.0780382715
492,	-0.0603590220,	0.0615663777,	0.0737774740
493,	-0.0615370655,	0.0640756069,	0.0697658100
494,	-0.0628267140,	0.0667148085,	0.0660030952
495,	-0.0641435725,	0.0694878501,	0.0624535390
496,	-0.0655478865,	0.0723640503,	0.0591353269
497,	-0.0669711270,	0.0753725197,	0.0560124134
498,	-0.0684969880,	0.0785314921,	0.0530846142
499,	-0.0700493580,	0.0818464059,	0.0503339984
500,	-0.0717277970,	0.0853607379,	0.0477601270
501,	-0.0735957690,	0.0891754601,	0.0453619800
502,	-0.0754895490,	0.0931682251,	0.0431050416
503,	-0.0774026850,	0.0972945222,	0.0409540095
504,	-0.0793427595,	0.1015780236,	0.0388907688
505,	-0.0812037605,	0.1059307418,	0.0368804566
506,	-0.0829619680,	0.1103271259,	0.0348160757
507,	-0.0846328185,	0.1147911560,	0.0327867633
508,	-0.0861903310,	0.1193389582,	0.0307923564
509,	-0.0876611875,	0.1239323050,	0.0288689929
510,	-0.0890187060,	0.1286094239,	0.0269805350
511,	-0.0902527715,	0.1334116840,	0.0251265647
512,	-0.0913583340,	0.1382503718,	0.0233437300
513,	-0.0922953780,	0.1430734305,	0.0216146807
514,	-0.0930386235,	0.1478748848,	0.0199752290
515,	-0.0935722045,	0.1526294917,	0.0184256298
516,	-0.0938549750,	0.1573060329,	0.0170019503
517,	-0.0939381960,	0.1618943576,	0.0156685411
518,	-0.0937901355,	0.1663439798,	0.0144259123
519,	-0.0933372145,	0.1705952966,	0.0132746660
520,	-0.0926371460,	0.1746826679,	0.0122144550
521,	-0.0916138335,	0.1783927360,	0.0113010620
522,	-0.0902532275,	0.1818761141,	0.0104435865
523,	-0.0886555890,	0.1851541776,	0.0096775642
524,	-0.0868043510,	0.1882237849,	0.0089672751
525,	-0.0847312455,	0.1911354220,	0.0083122093
526,	-0.0823937245,	0.1939020734,	0.0076764838
527,	-0.0798361675,	0.1964678147,	0.0070785395
528,	-0.0770903065,	0.1988831319,	0.0065178663
529,	-0.0741402755,	0.2011227820,	0.0059947193
530,	-0.0710037720,	0.2031690681,	0.0054914014
531,	-0.0677562065,	0.2050386532,	0.0049898682
532,	-0.0643221685,	0.2067148743,	0.0045081642
533,	-0.0607752370,	0.2082573343,	0.0040456871
534,	-0.0570501165,	0.2096080011,	0.0036208990
535,	-0.0531778380,	0.2108394621,	0.0031973151
536,	-0.0491273705,	0.2118791299,	0.0028114202
537,	-0.0449380285,	0.2128011627,	0.0024445894
538,	-0.0406199270,	0.2135641914,	0.0020972406
539,	-0.0361470850,	0.2141843421,	0.0017692108
540,	-0.0315195025,	0.2146616148,	0.0014605002
541,	-0.0267213135,	0.2149707665,	0.0011713635
542,	-0.0217842500,	0.2151622832,	0.0009012910
543,	-0.0167267105,	0.2151963666,	0.0006685605
544,	-0.0114801660,	0.2151021273,	0.0004371262
545,	-0.0061207280,	0.2148741269,	0.0002249188
546,	-0.0006065495,	0.2145032485,	0.0000320305
547,	0.0050205225,	0.2139986090,	-0.0001416308
548,	0.0108124500,	0.2133924606,	-0.0002963909
549,	0.0167255545,	0.2126509803,	-0.0004497839
550,	0.0227775335,	0.2117918650,	-0.0005841129
551,	0.0290102340,	0.2108059978,	-0.0006992857
552,	0.0353659430,	0.2097277386,	-0.0007956494
553,	0.0418110970,	0.2085646335,	-0.0008911561
554,	0.0484192750,	0.2072570796,	-0.0009852036
555,	0.0551663275,	0.2058318907,	-0.0010601871
556,	0.0620104075,	0.2042981837,	-0.0011161986
557,	0.0689857795,	0.2026705139,	-0.0011712609
558,	0.0760823285,	0.2009075122,	-0.0012249563
559,	0.0832759050,	0.1990359924,	-0.0012596796
560,	0.0905906585,	0.1970291407,	-0.0012930359
561,	0.0979847420,	0.1948960740,	-0.0013251174
562,	0.1054917190,	0.1926292462,	-0.0013379719
563,	0.1130545775,	0.1902851186,	-0.0013679214
564,	0.1207043485,	0.1877911038,	-0.0013784810
565,	0.1284017175,	0.1852213600,	-0.0013882757
566,	0.1361961140,	0.1825430981,	-0.0013790984
567,	0.1440204110,	0.1797714103,	-0.0013868533
568,	0.1518580415,	0.1769094382,	-0.0013758203
569,	0.1597750020,	0.1739212511,	-0.0013635124
570,	0.1676977135,	0.1708664519,	-0.0013505317
571,	0.1756160610,	0.1677036715,	-0.0013364603
572,	0.1835401595,	0.1644742790,	-0.0013217160
573,	0.1914357445,	0.1611637191,	-0.0012882759
574,	0.1993193830,	0.1577688502,	-0.0012718602
575,	0.2071745080,	0.1542928139,	-0.0012367487
576,	0.2149516900,	0.1507683993,	-0.0012011485
577,	0.2227010595,	0.1471849187,	-0.0011828275
578,	0.2303382215,	0.1435385045,	-0.0011459951
579,	0.2378555935,	0.1398528289,	-0.0011087660
580,	0.2452690415,	0.1361026489,	-0.0010708853
581,	0.2525450020,	0.1322955106,	-0.0010503052
582,	0.2596351760,	0.1284850416,	-0.0010118156
583,	0.2665878625,	0.1246176143,	-0.0009906265
584,	0.2733129155,	0.1207559732,	-0.0009516200
585,	0.2798846150,	0.1168626168,	-0.0009301690
586,	0.2862369645,	0.1129734758,	-0.0009087606
587,	0.2923616805,	0.1090901210,	-0.0008695347
588,	0.2982334830,	0.1052185277,	-0.0008483036
589,	0.3039036330,	0.1013688467,	-0.0008094179
590,	0.3092790225,	0.0975400441,	-0.0007886189
591,	0.3144368935,	0.0937583968,	-0.0007504204
592,	0.3193335675,	0.0899900818,	-0.0007123566
593,	0.3238619020,	0.0863022481,	-0.0006929816
594,	0.3280630430,	0.0826636774,	-0.0006562283
595,	0.3318615800,	0.0790910327,	-0.0006201410
596,	0.3351319720,	0.0756116647,	-0.0005849958
597,	0.3379921775,	0.0722218949,	-0.0005686316
598,	0.3404833425,	0.0688905050,	-0.0005349811
599,	0.3426061680,	0.0656395964,	-0.0005200195
600,	0.3443181060,	0.0624561846,	-0.0004878638
601,	0.3457630960,	0.0593527172,	-0.0004565156
602,	0.3468556125,	0.0563044881,	-0.0004436013
603,	0.3475055095,	0.0533742418,	-0.0004140028
604,	0.3477610860,	0.0505083507,	-0.0004029303
605,	0.3475740430,	0.0477604424,	-0.0003751736
606,	0.3468094255,	0.0451385999,	-0.0003665662
607,	0.3456757675,	0.0425751373,	-0.0003406726
608,	0.3440583440,	0.0401608758,	-0.0003341620
609,	0.3420978610,	0.0378211203,	-0.0003105281
610,	0.3397271915,	0.0355709630,	-0.0003056751
611,	0.3370235775,	0.0334366808,	-0.0002841166
612,	0.3339693215,	0.0314005768,	-0.0002635499
613,	0.3305384425,	0.0294465249,	-0.0002438120
614,	0.3267987685,	0.0275815343,	-0.0002249737
615,	0.3226748890,	0.0258222680,	-0.0002250792
616,	0.3182339310,	0.0241536338,	-0.0002082243
617,	0.3134581970,	0.0225579348,	-0.0001921061
618,	0.3083318210,	0.0210604140,	-0.0001769796
619,	0.3028706690,	0.0196358284,	-0.0001625899
620,	0.2970747410,	0.0182841780,	-0.0001489368
621,	0.2908343620,	0.0170075705,	-0.0001360418
622,	0.2843429010,	0.0157856644,	-0.0001236993
623,	0.2776086415,	0.0146168889,	-0.0001297694
624,	0.2706251315,	0.0135457547,	-0.0001189498
625,	0.2635002145,	0.0125272142,	-0.0001086615
626,	0.2562180245,	0.0115865104,	-0.0000991595
627,	0.2488781215,	0.0106801665,	-0.0000900045
628,	0.2414906205,	0.0098495516,	-0.0000816144
629,	0.2341132345,	0.0090603058,	-0.0000736423
630,	0.2267802280,	0.0083269844,	-0.0000841108
631,	0.2197362310,	0.0076393967,	-0.0000771655
632,	0.2127543110,	0.0070254303,	-0.0000709638
633,	0.2058662000,	0.0064345992,	-0.0000649958
634,	0.1990560320,	0.0058921464,	-0.0000595165
635,	0.1923396730,	0.0053728289,	-0.0000542709
636,	0.1856752760,	0.0048857636,	-0.0000493510
637,	0.1790469750,	0.0044561935,	-0.0000450120
638,	0.1725124830,	0.0040497587,	-0.0000409065
639,	0.1660559340,	0.0036917022,	-0.0000372898
640,	0.1596672130,	0.0033406549,	-0.0000337439
641,	0.1533304540,	0.0030218598,	-0.0000305237
642,	0.1471293510,	0.0027170831,	-0.0000274452
643,	0.1409643440,	0.0024698016,	-0.0000249474
644,	0.1349508590,	0.0022112955,	-0.0000223362
645,	0.1290571640,	0.0019920508,	-0.0000201216
646,	0.1232991250,	0.0017868245,	-0.0000180487
647,	0.1176767420,	0.0015956166,	-0.0000161173
648,	0.1121741490,	0.0014436701,	-0.0000145825
649,	0.1068072120,	0.0013057420,	-0.0000131892
650,	0.1016596250,	0.0011635985,	-0.0000117535
651,	0.0967155220,	0.0010424826,	-0.0000105301
652,	0.0919489220,	0.0009262682,	-0.0000093562
653,	0.0873179780,	0.0008240722,	-0.0000083239
654,	0.0828486710,	0.0007520207,	-0.0000075961
655,	0.0785727330,	0.0006596277,	-0.0000066629
656,	0.0744324510,	0.0005812531,	-0.0000058712
657,	0.0704278250,	0.0005168969,	-0.0000052211
658,	0.0666007020,	0.0004574422,	-0.0000046206
659,	0.0628673880,	0.0004211228,	-0.0000042537
660,	0.0593274430,	0.0003644619,	-0.0000036814
661,	0.0559231540,	0.0003218194,	-0.0000032507
662,	0.0526285400,	0.0002770692,	-0.0000027986
663,	0.0494955630,	0.0002624635,	-0.0000026511
664,	0.0464881270,	0.0002205071,	-0.0000022273
665,	0.0436423280,	0.0002086952,	-0.0000021080
666,	0.0409062040,	0.0001947756,	-0.0000019674
667,	0.0383634490,	0.0001605145,	-0.0000016213
668,	0.0359145030,	0.0001493887,	-0.0000015090
669,	0.0336589260,	0.0001179214,	-0.0000011911
670,	0.0314971580,	0.0001095894,	-0.0000011069
671,	0.0295128930,	0.0001061589,	-0.0000010723
672,	0.0276801500,	0.0000915038,	-0.0000009243
673,	0.0259989290,	0.0000656241,	-0.0000006629
674,	0.0244115170,	0.0000628797,	-0.0000006351
675,	0.0229337800,	0.0000580276,	-0.0000005861
676,	0.0215657180,	0.0000510678,	-0.0000005158
677,	0.0203073310,	0.0000420003,	-0.0000004242
678,	0.0190749250,	0.0000490589,	-0.0000004955
679,	0.0179680600,	0.0000287668,	-0.0000002906
680,	0.0168871760,	0.0000246008,	-0.0000002485
681,	0.0157644450,	0.0000295517,	-0.0000002985
682,	0.0147254080,	0.0000162688,	-0.0000001643
683,	0.0137123520,	0.0000191120,	-0.0000001930
684,	0.0127829900,	0.0000037214,	-0.0000000376
685,	0.0118796090,	0.0000044569,	-0.0000000450
686,	0.0110440560,	0.0000122016,	-0.0000001232
687,	0.0102503500,	0.0000108294,	-0.0000001094
688,	0.0095403380,	-0.0000087766,	0.0000000887
689,	0.0088563070,	-0.0000122565,	0.0000001238
690,	0.0081982570,	0.0000003897,	-0.0000000039
691,	0.0076239010,	-0.0000051979,	0.0000000525
692,	0.0070755260,	0.0000053406,	-0.0000000539
693,	0.0065689980,	0.0000067622,	-0.0000000683
694,	0.0061461640,	-0.0000100500,	0.0000001015
695,	0.0057074640,	-0.0000016192,	0.0000000164
696,	0.0053524580,	-0.0000114222,	0.0000001154
697,	0.0049815860,	0.0000040178,	-0.0000000406
698,	0.0046525610,	0.0000103409,	-0.0000001045
699,	0.0043653830,	0.0000075471,	-0.0000000762
700,	0.0041200520,	-0.0000043636,	0.0000000441
701,	0.0038328740,	-0.0000071574,	0.0000000723
702,	0.0035716770,	0.0000061749,	-0.0000000624
703,	0.0033523270,	0.0000103903,	-0.0000001050
704,	0.0031488430,	-0.0000106373,	0.0000001074
705,	0.0029294930,	-0.0000064219,	0.0000000649
706,	0.0027519900,	-0.0000113234,	0.0000001144
707,	0.0025586210,	0.0000090181,	-0.0000000911
708,	0.0023811180,	0.0000041166,	-0.0000000416
709,	0.0022454620,	-0.0000099018,	0.0000001000
710,	0.0020939400,	0.0000013228,	-0.0000000134
711,	0.0019424180,	0.0000125474,	-0.0000001267
712,	0.0018486090,	-0.0000105879,	0.0000001069
713,	0.0016970870,	0.0000006367,	-0.0000000064
714,	0.0015874120,	0.0000027444,	-0.0000000277
715,	0.0014777370,	0.0000048521,	-0.0000000490
716,	0.0013680620,	0.0000069598,	-0.0000000703
717,	0.0013002340,	-0.0000000494,	0.0000000005
718,	0.0011905590,	0.0000020583,	-0.0000000208
719,	0.0011227310,	-0.0000049509,	0.0000000500
720,	0.0010549030,	-0.0000119601,	0.0000001208
721,	0.0009712090,	0.0000062737,	-0.0000000634
722,	0.0009033810,	-0.0000007355,	0.0000000074
723,	0.0008774000,	-0.0000168616,	0.0000001703
724,	0.0007937060,	0.0000013722,	-0.0000000139
725,	0.0007258780,	-0.0000056370,	0.0000000569
726,	0.0006840310,	0.0000034799,	-0.0000000351
727,	0.0006580500,	-0.0000126462,	0.0000001277
728,	0.0006162030,	-0.0000035293,	0.0000000357
729,	0.0005325090,	0.0000147045,	-0.0000001485
730,	0.0005065280,	-0.0000014216,	0.0000000144
731,	0.0004646810,	0.0000076953,	-0.0000000777
732,	0.0004387000,	-0.0000084308,	0.0000000852
733,	0.0004387000,	-0.0000084308,	0.0000000852
734,	0.0003968530,	0.0000006861,	-0.0000000069
735,	0.0003550060,	0.0000098030,	-0.0000000990
736,	0.0003290250,	-0.0000063231,	0.0000000639
737,	0.0003290250,	-0.0000063231,	0.0000000639
738,	0.0002871780,	0.0000027938,	-0.0000000282
739,	0.0002453310,	0.0000119107,	-0.0000001203
740,	0.0002611970,	-0.0000133323,	0.0000001347
741,	0.0002193500,	-0.0000042154,	0.0000000426
742,	0.0002193500,	-0.0000042154,	0.0000000426
743,	0.0002193500,	-0.0000042154,	0.0000000426
744,	0.0001775030,	0.0000049015,	-0.0000000495
745,	0.0001775030,	0.0000049015,	-0.0000000495
746,	0.0001356560,	0.0000140184,	-0.0000001416
747,	0.0001515220,	-0.0000112246,	0.0000001134
748,	0.0001515220,	-0.0000112246,	0.0000001134
749,	0.0001515220,	-0.0000112246,	0.0000001134
750,	0.0001096750,	-0.0000021077,	0.0000000213
751,	0.0001096750,	-0.0000021077,	0.0000000213
752,	0.0001096750,	-0.0000021077,	0.0000000213
753,	0.0001096750,	-0.0000021077,	0.0000000213
754,	0.0001096750,	-0.0000021077,	0.0000000213
755,	0.0000678280,	0.0000070092,	-0.0000000708
756,	0.0000678280,	0.0000070092,	-0.0000000708
757,	0.0000678280,	0.0000070092,	-0.0000000708
758,	0.0000678280,	0.0000070092,	-0.0000000708
759,	0.0000678280,	0.0000070092,	-0.0000000708
760,	0.0000678280,	0.0000070092,	-0.0000000708
761,	0.0000678280,	0.0000070092,	-0.0000000708
762,	0.0000259810,	0.0000161261,	-0.0000001629
763,	0.0000418470,	-0.0000091169,	0.0000000921
764,	0.0000418470,	-0.0000091169,	0.0000000921
765,	0.0000418470,	-0.0000091169,	0.0000000921
766,	0.0000418470,	-0.0000091169,	0.0000000921
767,	0.0000418470,	-0.0000091169,	0.0000000921
768,	0.0000418470,	-0.0000091169,	0.0000000921
769,	0.0000418470,	-0.0000091169,	0.0000000921
770,	0.0000418470,	-0.0000091169,	0.0000000921
771,	0.0000418470,	-0.0000091169,	0.0000000921
772,	0.0000418470,	-0.0000091169,	0.0000000921
773,	0.0000418470,	-0.0000091169,	0.0000000921
774,	0.0000418470,	-0.0000091169,	0.0000000921
775,	0.0000418470,	-0.0000091169,	0.0000000921
776,	0.0000418470,	-0.0000091169,	0.0000000921
777,	0.0000418470,	-0.0000091169,	0.0000000921
778,	0.0000000000,	0.0000000000,	0.0000000000
779,	0.0000000000,	0.0000000000,	0.0000000000
780,	0.0000000000,	0.0000000000,	0.0000000000
